0.0517324
0.0517324
0.0517324
0.0517324
0.0517324
0.0517324
0.0517324
0.0517324
0.0517324
0.0517324
0.0490508
0.0490508
0.0490508
0.0490508
0.0490508
0.0490508
0.0490508
0.0490508
0.0490508
0.0490508
0.0490508
0.0490508
0.0490508
0.0490508
0.0490508
0.0490508
0.0490508
0.0490508
0.0490508
0.0490508
0.0490508
0.0490508
0.0490508
0.0490508
0.0490508
0.0490508
0.0490508
0.0490508
0.0490508
0.0490508
0.0463508
0.0463508
0.0463508
0.0463508
0.0463508
0.0463508
0.0463508
0.0463508
0.0463508
0.0463508
0.0463508
0.0463508
0.0463508
0.0463508
0.0463508
0.0463508
0.0463508
0.0463508
0.0463508
0.0463508
0.0463508
0.0463508
0.0463508
0.0463508
0.0463508
0.0056086
0.0497903
0.0497903
0.0497903
0.0497903
0.0497903
0.0497903
0.0497903
0.0493516
0.0493516
0.0493517
0.0493518
0.0493518
0.0493519
0.0493519
0.049352
0.049352
0.0493521
0.0493522
0.0493522
0.0493524
0.0493524
0.0493525
0.0493526
0.0493526
0.0493527
0.0493527
0.0493528
0.0493528
0.0493529
0.049353
0.049353
0.0493531
0.0493531
0.0493532
0.0493533
0.0493533
0.0493534
0.0493534
0.0493535
0.0489163
0.0489164
0.0489165
0.0489167
0.0489168
0.0489169
0.0489171
0.0489172
0.0489173
0.0489174
0.0489175
0.0489177
0.0489178
0.0489179
0.0489181
0.0489182
0.0489184
0.0489185
0.0489186
0.0489188
0.0489189
0.048919
0.0489192
0.0489193
0.0489195
0.0489196
0.0489196
0.0489198
0.0489199
0.04892
0.0489202
0.0489203
0.0489205
0.0489206
0.0489207
0.0489209
0.048921
0.0489212
0.0489213
0.0484774
0.0484775
0.0484778
0.048478
0.0484783
0.0484785
0.0484787
0.048479
0.0484792
0.0484795
0.0484796
0.0484799
0.0484801
0.0484804
0.0484806
0.0484808
0.0484811
0.0484813
0.0484816
0.0484817
0.048482
0.0484822
0.0484825
0.0484827
0.048483
0.0484832
0.0484834
0.0484836
0.0484838
0.0484841
0.048038
0.0480384
0.0480388
0.0480391
0.0480394
0.0480398
0.0480402
0.0480406
0.0480409
0.0480413
0.0480416
0.048042
0.0480424
0.0480427
0.0480431
0.0480435
0.0480438
0.0480442
0.0480446
0.0480449
0.0480453
0.0480456
0.048046
0.0480464
0.0480467
0.0480471
0.0480475
0.0480478
0.0480482
0.0480485
0.0480489
0.0480492
0.0480496
0.0477144
0.0477148
0.0477153
0.0477157
0.0477163
0.0477167
0.0477172
0.0477177
0.0477182
0.0477187
0.0477191
0.0477197
0.0477201
0.0477206
0.047721
0.0477216
0.047722
0.0477225
0.0477229
0.0477235
0.0477239
0.0477244
0.0477249
0.0477254
0.0477259
0.0477263
0.0477268
0.0477273
0.047504
0.0475045
0.0475051
0.0475056
0.0475063
0.0475068
0.0475074
0.0475079
0.0475085
0.0475091
0.0475096
0.0475102
0.0475107
0.0475114
0.0475119
0.0475125
0.047513
0.0475136
0.0475142
0.0475148
0.0475153
0.0475158
0.0475164
0.0475169
0.0475176
0.0475181
0.0475187
0.0475192
0.0475198
0.0475203
0.047521
0.0475215
0.0475221
0.0475226
0.0475232
0.0475237
0.0475243
0.0475249
0.0475255
0.047526
0.0475265
0.0475271
0.0475276
0.047417
0.0474176
0.0474182
0.0474188
0.0474194
0.0517324
0.0517324
0.0517324
0.0517324
0.0517324
0.0517324
0.0517324
0.0517324
0.0517324
0.0517324
0.0490508
0.0490508
0.0490508
0.0490508
0.0490508
0.0490508
0.0490508
0.0490508
0.0490508
0.0490508
0.0490508
0.0490508
0.0490508
0.0490508
0.0490508
0.0490508
0.0490508
0.0490508
0.0490508
0.0490508
0.0490508
0.0490508
0.0490508
0.0490508
0.0490508
0.0490508
0.0490508
0.0490508
0.0490508
0.0490508
0.0463508
0.0463508
0.0463508
0.0463508
0.0463508
0.0463508
0.0463508
0.0463508
0.0463508
0.0463508
0.0463508
0.0463508
0.0463508
0.0463508
0.0463508
0.0463508
0.0463508
0.0463508
0.0463508
0.0463508
0.0463508
0.0463508
0.0463508
0.0463508
0.0463508
0.0056086
0.0497903
0.0497903
0.0497903
0.0497903
0.0497903
0.0497903
0.0497903
0.0493516
0.0493516
0.0493517
0.0493518
0.0493518
0.0493519
0.0493519
0.049352
0.049352
0.0493521
0.0493522
0.0493522
0.0493524
0.0493524
0.0493525
0.0493526
0.0493526
0.0493527
0.0493527
0.0493528
0.0493528
0.0493529
0.049353
0.049353
0.0493531
0.0493531
0.0493532
0.0493533
0.0493533
0.0493534
0.0493534
0.0493535
0.0489163
0.0489164
0.0489165
0.0489167
0.0489168
0.0489169
0.0489171
0.0489172
0.0489173
0.0489174
0.0489175
0.0489177
0.0489178
0.0489179
0.0489181
0.0489182
0.0489184
0.0489185
0.0489186
0.0489188
0.0489189
0.048919
0.0489192
0.0489193
0.0489195
0.0489196
0.0489196
0.0489198
0.0489199
0.04892
0.0489202
0.0489203
0.0489205
0.0489206
0.0489207
0.0489209
0.048921
0.0489212
0.0489213
0.0484774
0.0484775
0.0484778
0.048478
0.0484783
0.0484785
0.0484787
0.048479
0.0484792
0.0484795
0.0484796
0.0484799
0.0484801
0.0484804
0.0484806
0.0484808
0.0484811
0.0484813
0.0484816
0.0484817
0.048482
0.0484822
0.0484825
0.0484827
0.048483
0.0484832
0.0484834
0.0484836
0.0484838
0.0484841
0.048038
0.0480384
0.0480388
0.0480391
0.0480394
0.0480398
0.0480402
0.0480406
0.0480409
0.0480413
0.0480416
0.048042
0.0480424
0.0480427
0.0480431
0.0480435
0.0480438
0.0480442
0.0480446
0.0480449
0.0480453
0.0480456
0.048046
0.0480464
0.0480467
0.0480471
0.0480475
0.0480478
0.0480482
0.0480485
0.0480489
0.0480492
0.0480496
0.0477144
0.0477148
0.0477153
0.0477157
0.0477163
0.0477167
0.0477172
0.0477177
0.0477182
0.0477187
0.0477191
0.0477197
0.0477201
0.0477206
0.047721
0.0477216
0.047722
0.0477225
0.0477229
0.0477235
0.0477239
0.0477244
0.0477249
0.0477254
0.0477259
0.0477263
0.0477268
0.0477273
0.047504
0.0475045
0.0475051
0.0475056
0.0475063
0.0475068
0.0475074
0.0475079
0.0475085
0.0475091
0.0475096
0.0475102
0.0475107
0.0475114
0.0475119
0.0475125
0.047513
0.0475136
0.0475142
0.0475148
0.0475153
0.0475158
0.0475164
0.0475169
0.0475176
0.0475181
0.0475187
0.0475192
0.0475198
0.0475203
0.047521
0.0475215
0.0475221
0.0475226
0.0475232
0.0475237
0.0475243
0.0475249
0.0475255
0.047526
0.0475265
0.0475271
0.0475276
0.047417
0.0474176
0.0474182
0.0474188
0.0474194
0.0517324
0.0517324
0.0517324
0.0517324
0.0517324
0.0517324
0.0517324
0.0517324
0.0517324
0.0517324
0.0490508
0.0490508
0.0490508
0.0490508
0.0490508
0.0490508
0.0490508
0.0490508
0.0490508
0.0490508
0.0490508
0.0490508
0.0490508
0.0490508
0.0490508
0.0490508
0.0490508
0.0490508
0.0490508
0.0490508
0.0490508
0.0490508
0.0490508
0.0490508
0.0490508
0.0490508
0.0490508
0.0490508
0.0490508
0.0490508
0.0463508
0.0463508
0.0463508
0.0463508
0.0463508
0.0463508
0.0463508
0.0463508
0.0463508
0.0463508
0.0463508
0.0463508
0.0463508
0.0463508
0.0463508
0.0463508
0.0463508
0.0463508
0.0463508
0.0463508
0.0463508
0.0463508
0.0463508
0.0463508
0.0463508
0.0056086
0.0497903
0.0497903
0.0497903
0.0497903
0.0497903
0.0497903
0.0497903
0.0493516
0.0493516
0.0493517
0.0493518
0.0493518
0.0493519
0.0493519
0.049352
0.049352
0.0493521
0.0493522
0.0493522
0.0493524
0.0493524
0.0493525
0.0493526
0.0493526
0.0493527
0.0493527
0.0493528
0.0493528
0.0493529
0.049353
0.049353
0.0493531
0.0493531
0.0493532
0.0493533
0.0493533
0.0493534
0.0493534
0.0493535
0.0489163
0.0489164
0.0489165
0.0489167
0.0489168
0.0489169
0.0489171
0.0489172
0.0489173
0.0489174
0.0489175
0.0489177
0.0489178
0.0489179
0.0489181
0.0489182
0.0489184
0.0489185
0.0489186
0.0489188
0.0489189
0.048919
0.0489192
0.0489193
0.0489195
0.0489196
0.0489196
0.0489198
0.0489199
0.04892
0.0489202
0.0489203
0.0489205
0.0489206
0.0489207
0.0489209
0.048921
0.0489212
0.0489213
0.0484774
0.0484775
0.0484778
0.048478
0.0484783
0.0484785
0.0484787
0.048479
0.0484792
0.0484795
0.0484796
0.0484799
0.0484801
0.0484804
0.0484806
0.0484808
0.0484811
0.0484813
0.0484816
0.0484817
0.048482
0.0484822
0.0484825
0.0484827
0.048483
0.0484832
0.0484834
0.0484836
0.0484838
0.0484841
0.048038
0.0480384
0.0480388
0.0480391
0.0480394
0.0480398
0.0480402
0.0480406
0.0480409
0.0480413
0.0480416
0.048042
0.0480424
0.0480427
0.0480431
0.0480435
0.0480438
0.0480442
0.0480446
0.0480449
0.0480453
0.0480456
0.048046
0.0480464
0.0480467
0.0480471
0.0480475
0.0480478
0.0480482
0.0480485
0.0480489
0.0480492
0.0480496
0.0477144
0.0477148
0.0477153
0.0477157
0.0477163
0.0477167
0.0477172
0.0477177
0.0477182
0.0477187
0.0477191
0.0477197
0.0477201
0.0477206
0.047721
0.0477216
0.047722
0.0477225
0.0477229
0.0477235
0.0477239
0.0477244
0.0477249
0.0477254
0.0477259
0.0477263
0.0477268
0.0477273
0.047504
0.0475045
0.0475051
0.0475056
0.0475063
0.0475068
0.0475074
0.0475079
0.0475085
0.0475091
0.0475096
0.0475102
0.0475107
0.0475114
0.0475119
0.0475125
0.047513
0.0475136
0.0475142
0.0475148
0.0475153
0.0475158
0.0475164
0.0475169
0.0475176
0.0475181
0.0475187
0.0475192
0.0475198
0.0475203
0.047521
0.0475215
0.0475221
0.0475226
0.0475232
0.0475237
0.0475243
0.0475249
0.0475255
0.047526
0.0475265
0.0475271
0.0475276
0.047417
0.0474176
0.0474182
0.0474188
0.0474194
0.0517324
0.0517324
0.0517324
0.0517324
0.0517324
0.0517324
0.0517324
0.0517324
0.0517324
0.0517324
0.0490508
0.0490508
0.0490508
0.0490508
0.0490508
0.0490508
0.0490508
0.0490508
0.0490508
0.0490508
0.0490508
0.0490508
0.0490508
0.0490508
0.0490508
0.0490508
0.0490508
0.0490508
0.0490508
0.0490508
0.0490508
0.0490508
0.0490508
0.0490508
0.0490508
0.0490508
0.0490508
0.0490508
0.0490508
0.0490508
0.0463508
0.0463508
0.0463508
0.0463508
0.0463508
0.0463508
0.0463508
0.0463508
0.0463508
0.0463508
0.0463508
0.0463508
0.0463508
0.0463508
0.0463508
0.0463508
0.0463508
0.0463508
0.0463508
0.0463508
0.0463508
0.0463508
0.0463508
0.0463508
0.0463508
0.0056086
0.0497903
0.0497903
0.0497903
0.0497903
0.0497903
0.0497903
0.0497903
0.0493516
0.0493516
0.0493517
0.0493518
0.0493518
0.0493519
0.0493519
0.049352
0.049352
0.0493521
0.0493522
0.0493522
0.0493524
0.0493524
0.0493525
0.0493526
0.0493526
0.0493527
0.0493527
0.0493528
0.0493528
0.0493529
0.049353
0.049353
0.0493531
0.0493531
0.0493532
0.0493533
0.0493533
0.0493534
0.0493534
0.0493535
0.0489163
0.0489164
0.0489165
0.0489167
0.0489168
0.0489169
0.0489171
0.0489172
0.0489173
0.0489174
0.0489175
0.0489177
0.0489178
0.0489179
0.0489181
0.0489182
0.0489184
0.0489185
0.0489186
0.0489188
0.0489189
0.048919
0.0489192
0.0489193
0.0489195
0.0489196
0.0489196
0.0489198
0.0489199
0.04892
0.0489202
0.0489203
0.0489205
0.0489206
0.0489207
0.0489209
0.048921
0.0489212
0.0489213
0.0484774
0.0484775
0.0484778
0.048478
0.0484783
0.0484785
0.0484787
0.048479
0.0484792
0.0484795
0.0484796
0.0484799
0.0484801
0.0484804
0.0484806
0.0484808
0.0484811
0.0484813
0.0484816
0.0484817
0.048482
0.0484822
0.0484825
0.0484827
0.048483
0.0484832
0.0484834
0.0484836
0.0484838
0.0484841
0.048038
0.0480384
0.0480388
0.0480391
0.0480394
0.0480398
0.0480402
0.0480406
0.0480409
0.0480413
0.0480416
0.048042
0.0480424
0.0480427
0.0480431
0.0480435
0.0480438
0.0480442
0.0480446
0.0480449
0.0480453
0.0480456
0.048046
0.0480464
0.0480467
0.0480471
0.0480475
0.0480478
0.0480482
0.0480485
0.0480489
0.0480492
0.0480496
0.0477144
0.0477148
0.0477153
0.0477157
0.0477163
0.0477167
0.0477172
0.0477177
0.0477182
0.0477187
0.0477191
0.0477197
0.0477201
0.0477206
0.047721
0.0477216
0.047722
0.0477225
0.0477229
0.0477235
0.0477239
0.0477244
0.0477249
0.0477254
0.0477259
0.0477263
0.0477268
0.0477273
0.047504
0.0475045
0.0475051
0.0475056
0.0475063
0.0475068
0.0475074
0.0475079
0.0475085
0.0475091
0.0475096
0.0475102
0.0475107
0.0475114
0.0475119
0.0475125
0.047513
0.0475136
0.0475142
0.0475148
0.0475153
0.0475158
0.0475164
0.0475169
0.0475176
0.0475181
0.0475187
0.0475192
0.0475198
0.0475203
0.047521
0.0475215
0.0475221
0.0475226
0.0475232
0.0475237
0.0475243
0.0475249
0.0475255
0.047526
0.0475265
0.0475271
0.0475276
0.047417
0.0474176
0.0474182
0.0474188
0.0474194